[-1.88882605e-02, -2.76847732e-01, -7.19268492e-02,  5.64494967e+00,
1.45139159e+00,  3.04581414e-01,  1.01631325e-01,  5.95717726e-02,
2.06688831e+00,  3.66044740e-02,  3.81916772e-01,  9.44939976e-02,
-1.80494359e-02,  4.48594984e+00,  1.33657569e+00, -2.41612449e-01,
6.83400839e-04, -7.96302423e-02,  4.26838275e+00,  2.27808107e+00,
-1.98933140e-01,  3.99368503e-04, -8.67088410e-02,  3.66726248e+00,
6.84369290e-01,  1.21581449e-01,  2.91385771e-02, -9.48823718e-02,
5.64827201e+00,  1.64450709e+00, -1.84790449e-01,  3.20514656e-01,
-3.78377688e-02,  4.54245523e+00,  3.09187153e+00,  3.36189354e-01,
9.75691678e-02,  4.83309449e-02,  1.77809712e+00,  8.87442912e-01]
